200
15 15
25
24
40
16
29
30
10
30
33
2
3
29
40
30
40
11
12 9
4
39
24
18
20
22
25
6
29
14
11
15
15
15 15
14
10
18
35
12
7
27
5
1
15
4
30
6
15
34
39
10 2
14
27
11
27
4
8
16
9
18
22
23
4 4
36
6
29
22
17
8 8
21
28
23
25
10
28
31
3
18
20 6
23
19
28
10
14
36
17
22
5
38
4
9
9
31
6
30
12
22
9
11
2
8 1
18
29
13
8
23
22
40
8
5
18 8
6
23
23
14
4
19
11
39
19
12
21
24
33
24
5
1
34
39
20
19 16
9
31
24
31
4
23
31
40
32
18
5
14
40
18
9
10
21
39
29
24
19 8
16
34
1
8
19
39
19
37
14
27
27
29
10
23
3
40
22
26
17
19
19 16
28
39
9
8
37
29
23
7
33
38
32
33
37
11
31
16
7
36
34
26
17 8
8
19
26
29
37
34
39
35
1
27
26
2
34
14
30
17
13
22
6 6
6
35
6
36
2
13
24
15 15
40
22
29
10
7
9
6
1
8
33
33
34
10
34
19
23
4 3
27
37
33
31
3
19 19
30
20
32
13
6
21
4
27
1
14
34
10
11
34
17
35
26
2
4
12
20 19
35
7
5
23
31
27
25
9
15
15
28
6
19
33
19
23
12
19
28
5
20
18 10
28
33
15
29
28
26
1
6
12
7
11
35
29
37
19
37
3
25
16
1 1
40
19
6 5
29
13
7
9
2
36
36
6 5
17
14
28
17
19
40
15
1 1
3
18
4 3
12
21
38
12
24
17 9
1
40
11
5
38
19
6
34
6
32
36
22
5
23
38
15
14
4
16 15
6
5
35
28
16
15
25
28
30
14
17
30
13
27
34
10
37
11 11
3
22
30
16
18
13
6
33
26
9
20
17
7 5
11
34
39
17
19
26
6
32
15 2
36
13
12
37
2
2
32
36
16
21
11
33
25
8
17
3
17 3
19
15
11
21
8
10
37
18
27
34
9
13
20
36
26
23
33
27
4 4
14
39
28
24
24
13 10
32
15
32
20
25
6
30
5
13
39
1
23
18
34
11 4
5
19
7
27
3
25
2
18
38
33
5
14
16 1
37
7
15
28
18
39
25
8
3
29
38
35
11
15
28
34
5
4 4
11
2
14
36
4
3 2
36
19
38
3
8 2
1
2
13
19
33
37
26
35
26
3 2
36
38
9
21
14 9
32
36
26
37
23
29
19
8
16
38
5
18
25
31
19
18 13
37
10
24
22
37
1
36
18
28
25
26
9
18
10
40
14
28
37
28
16 7
35
32
4
32
1
28
14
19
38
8
7
7
23
28
35
23
16
12 11
40
38
19
18
39
10
23
18
6
10
34
13
37
17 17
20
9
36
33
28
33
32
34
31
15
14
18
29
21
29
39
20
18
9 1
9
19
3
26
16
13
11
28
1
19
16 12
28
23
12
7
7
35
32
29
9
37
6
30
17
27
28
37
4
17 15
12
7
20
30
22
32
40
2
24
11
29
3
30
11
6
36
17
40
7 6
1
24
3
30
40
29
9
28
4 1
5
28
3
24
17
17 11
8
18
30
10
6
24
39
8
29
34
16
28
13
12
20
36
6
1
7 6
10
7
10
6
11
29
1
26
17 8
24
4
34
13
14
31
36
12
30
16
38
5
35
10
8
15
37
14
15 3
31
24
21
32
22
31
20
22
8
16
38
31
12
23
35
17
5 5
20
26
37
17
30
32
6 3
6
14
34
12
29
25
28
9 9
1
40
28
22
39
3
11
30
6
25
4 2
21
6
2
6
34
18 5
25
36
15
22
1
9
34
29
25
13
38
32
13
29
19
26
27
14
28
8 3
12
24
33
24
21
34
29
14
3
7 5
30
21
20
31
21
5
19
5
9 3
37
21
36
7
38
23
20
25
22
31
8 5
15
11
25
8
31
39
2
37
29
12 10
40
14
30
5
24
35
5
32
23
26
27
29
15
1 1
40
23
3 2
19
37
30
36
16 12
34
37
1
14
20
10
13
33
39
17
17
25
22
8
39
39
26
8 5
27
20
4
1
34
23
19
30
4
14 9
15
39
13
15
12
25
24
17
17
15
33
25
31
6
32
10 6
10
17
1
36
28
36
36
21
10
6
2
13 4
18
20
2
22
34
6
6
10
22
15
16
6
39
6
4 3
35
39
32
3
31
19 5
19
6
2
28
11
35
33
22
4
12
16
18
37
21
15
38
2
29
5
7
20 11
10
34
37
1
17
32
23
35
13
1
32
7
21
2
1
13
16
37
24
31
14
12 7
28
10
4
9
14
10
20
16
20
13
13
12
21
4 2
7
8
35
38
14
7 7
15
19
6
3
34
28
16
5
10 5
6
33
35
12
35
14
19
6
18
23
17
18 18
10
36
26
36
33
39
2
24
5
12
21
7
5
9
14
2
30
9
39
15 5
10
9
9
21
14
18
3
30
16
21
31
3
6
19
36
4
20 11
9
24
31
7
28
31
21
21
13
21
20
27
15
21
35
15
1
40
33
4
21
20 4
11
2
29
21
29
24
33
39
24
16
22
31
3
4
11
24
16
23
35
2
29
15 13
4
16
27
36
11
7
27
34
10
28
14
30
9
37
22
7
1 1
20
11
12 12
13
7
39
27
33
1
15
7
28
18
14
7
5
4 1
23
17
14
3
22
16 3
19
9
9
31
38
29
1
21
4
5
19
2
31
11
34
37
9
14 1
23
20
3
6
24
26
15
30
28
28
25
30
6
25
38
16 14
18
28
2
21
24
12
15
6
22
8
3
23
13
1
5
32
3
2 2
20
8
37
7 7
13
28
33
37
18
29
19
35
8 4
8
24
24
14
29
37
21
31
19
6 1
15
17
26
17
24
5
16
12 8
11
24
31
4
21
8
24
31
35
23
2
34
6
17 12
35
6
19
17
16
4
40
31
13
17
39
28
21
14
40
16
17
23
7 6
35
6
35
25
32
9
19
25
15 12
31
1
32
2
17
40
5
8
22
17
24
12
5
37
25
36
12 1
10
10
4
5
16
30
29
7
39
39
24
13
26
6 3
9
7
21
8
12
21
29
20 4
32
16
32
9
11
4
1
21
5
5
25
12
26
5
11
24
4
34
28
21
39
12 9
6
13
29
9
25
9
28
28
1
36
12
9
6
7 7
18
11
5
34
23
31
31
25
6 4
18
34
6
16
25
34
13
9 9
21
13
31
1
33
31
28
4
39
25
10 9
3
12
4
28
26
26
18
10
31
3
27
4 4
35
1
2
39
29
15 2
34
5
4
26
27
31
21
25
15
22
24
9
33
19
37
11
4 2
20
34
9
39
10
16 1
10
9
23
38
24
34
23
20
37
8
7
19
20
23
26
1
38
14 14
16
22
36
11
28
15
5
36
13
6
3
37
15
12
12
4 3
5
27
6
34
26
12 12
6
35
37
6
32
23
31
40
36
26
10
23
33
6 2
37
3
13
26
17
16
37
1 1
1
7
7 6
32
11
38
29
37
26
35
28
20 17
19
36
35
21
18
27
18
20
15
21
32
40
37
39
36
9
40
29
7
38
14
11 4
3
19
4
29
5
24
28
22
34
23
16
14
13 1
24
12
8
4
35
40
32
33
35
1
24
15
39
13
9 3
21
31
8
16
11
4
31
39
25
25
13 4
30
37
17
13
8
17
8
34
16
40
18
2
32
33
17 17
6
37
11
26
27
10
33
38
13
24
28
38
40
40
21
29
37
30
14 8
6
1
22
13
32
39
14
15
32
22
5
29
18
7
6
17 5
38
34
28
13
13
17
12
12
38
33
40
27
26
28
24
26
9
36
10 9
1
24
22
23
20
10
32
26
15
28
1
13 6
29
17
25
5
29
29
34
21
28
12
6
7
35
23
15 2
32
6
23
8
27
37
27
37
20
13
3
40
13
15
12
1
12 9
38
12
17
23
24
36
35
29
35
21
3
9
3
7 1
17
34
33
5
20
21
24
32
3 2
37
30
27
29
13 12
26
24
23
1
7
10
35
27
4
15
21
5
9
7
10 5
32
34
21
12
14
5
35
37
27
31
26
5 5
38
11
37
13
33
37
11 8
23
37
38
30
17
34
38
16
4
15
7
37
15 15
3
31
37
31
10
19
16
14
38
5
25
27
9
9
15
19
3 2
7
33
27
15
6 2
30
29
22
29
18
9
30
12 7
26
2
8
5
17
14
34
13
38
20
13
38
35
11 10
24
29
25
10
3
10
17
25
31
39
5
40
7 4
11
5
20
12
5
16
20
18
9 6
7
21
36
4
7
18
36
30
6
12
11 11
22
7
24
4
5
28
3
3
14
13
40
33
4 4
8
35
13
8
18
19 7
13
14
34
22
2
23
19
13
13
18
26
12
34
29
8
13
31
11
26
35
2 2
10
5
17
4 1
25
21
27
4
25
20 18
6
33
12
16
6
25
34
31
28
27
20
35
39
2
37
25
29
38
34
38
2
3 2
10
19
14
28
2 1
20
19
28
12 11
4
17
7
37
40
34
15
11
20
5
12
17
21
12 2
15
30
8
9
23
17
27
36
37
8
18
16
19
6 3
9
9
4
7
37
35
40
11 11
19
7
8
35
28
40
1
34
29
8
2
11
16 12
38
12
27
16
27
5
21
6
13
21
1
19
17
35
10
19
39
1 1
6
7
4 1
7
37
25
14
38
7 2
17
25
33
4
32
12
8
4
17 15
24
9
31
32
3
33
2
33
13
18
38
19
22
35
18
18
11
23
8 6
4
24
14
37
27
37
40
35
40
8 7
15
16
29
38
10
13
31
2
25
8 7
36
21
25
5
31
28
27
38
17
11 11
30
19
8
18
18
34
17
17
40
23
32
20
20 13
33
10
34
9
9
32
36
30
9
40
12
36
27
9
4
9
29
33
27
28
2
16 13
18
12
12
40
35
24
11
27
8
20
20
16
20
3
4
1
3
3 2
30
21
20
33
9 3
17
15
20
18
10
33
35
13
4
26
7 1
36
25
26
7
4
2
27
39
5 4
1
39
31
31
20
2
15 13
34
32
15
14
9
16
6
36
29
1
13
27
20
1
12
5
7 7
38
25
37
34
4
38
25
26
20 16
27
26
35
21
17
9
26
18
17
23
5
5
23
17
23
34
17
34
31
16
33
20 20
29
6
35
18
30
20
29
25
39
15
19
11
23
20
28
32
36
10
36
32
32
5 4
18
13
8
8
28
32
7 1
12
32
14
30
13
26
10
29
16 16
40
18
39
19
5
22
6
14
18
37
37
14
10
14
26
9
13
14 10
32
25
12
15
30
33
28
15
2
16
22
18
15
39
8
5 3
29
30
8
38
26
5
11 6
18
29
36
23
34
28
14
18
31
28
7
15
15 9
8
23
35
17
29
26
16
6
28
5
35
36
34
13
32
37
20 1
25
27
23
10
6
36
27
28
16
33
2
30
38
2
4
25
18
25
10
34
30
9 7
16
16
23
28
7
11
19
8
27
38
10 6
35
18
22
23
33
7
16
14
4
17
10
20 7
34
29
20
15
18
9
30
33
23
18
32
26
28
39
12
25
20
40
12
29
21
74 31
219
161
387
775
58
796
314
684
981
823
455
755
792
335
704
896
949
113
127
574
61
717
418
77
777
57
288
925
69
713
898
288
874
284
414
283
431
727
318
411
901
772
165
692
458
220
588
406
333
66
332
745
783
749
173
559
157
461
835
225
525
732
864
398
367
277
32
797
4
349
207
256
120
723
948
29 28
887
335
627
304
18
723
86
766
895
996
274
707
831
498
232
914
714
981
633
990
13
429
345
361
988
601
833
62
900
761
56 10
447
334
441
464
56
527
581
303
874
854
9
56
704
240
322
417
573
954
406
585
734
103
297
73
703
481
487
954
594
842
91
40
528
531
856
583
409
436
885
635
290
246
690
345
837
11
761
409
964
518
345
50
620
994
122
674
474
8 3
67
802
69
459
329
952
314
263
712
1 1
346
390
45 41
86
581
398
846
990
714
716
686
763
335
679
884
361
153
844
339
571
645
760
381
325
63
694
587
774
795
86
472
536
830
859
622
411
256
819
752
969
534
437
731
221
116
967
581
620
162
71 59
158
382
923
482
444
968
68
218
114
506
41
650
335
899
623
97
154
793
848
475
327
285
557
547
752
875
479
723
36
101
264
193
483
186
26
926
506
446
495
619
951
535
620
637
433
242
734
939
387
933
765
713
217
321
611
320
196
441
42
583
893
306
128
375
843
153
653
348
598
147
319
548
34 28
185
466
532
270
756
918
202
520
982
771
193
944
90
740
384
132
322
276
789
449
3
983
954
655
683
551
153
1
451
186
938
987
4
821
256
59 56
457
631
719
579
175
662
669
914
397
152
587
25
292
388
27
274
341
33
956
243
185
308
693
371
246
679
374
418
286
484
156
95
466
226
673
640
240
693
905
636
844
492
660
487
879
38
761
571
70
68
813
607
376
858
977
973
536
702
742
174
37 27
268
3
475
940
994
714
985
899
349
828
742
361
667
972
750
779
542
172
846
706
778
573
563
106
897
451
807
639
624
343
887
243
697
361
534
691
74
518
41 11
698
682
487
364
5
588
142
546
759
339
603
536
264
518
993
160
968
799
150
943
494
389
185
542
749
70
232
175
588
524
301
285
205
787
648
209
374
141
106
485
479
61
72 46
578
365
254
897
515
755
191
8
143
727
902
244
796
133
770
383
657
70
19
213
856
18
774
581
158
231
65
989
291
437
82
220
801
335
468
667
442
658
27
936
384
928
531
532
60
300
266
68
369
285
633
576
302
758
509
812
988
573
800
631
361
881
202
513
568
670
180
9
679
206
296
415
133
27 15
544
126
211
964
847
847
596
422
149
705
930
312
692
855
111
674
215
343
228
728
910
897
907
270
927
112
566
341
44 32
286
787
869
849
750
715
695
697
137
195
401
418
506
445
272
616
470
839
311
697
566
220
945
472
490
872
935
407
564
530
798
850
668
18
50
770
733
744
818
221
291
219
638
796
15
62 22
484
100
74
533
665
293
477
488
134
700
774
892
264
303
689
465
322
59
866
91
791
609
909
11
251
479
648
47
845
261
810
328
360
235
212
376
527
689
215
13
740
988
904
355
642
945
819
316
3
684
758
793
645
666
155
895
496
154
293
340
415
454
20
26 20
231
502
567
271
716
579
11
56
834
365
49
778
536
364
132
571
122
276
567
139
430
814
987
936
106
678
350
60 57
475
247
928
328
813
550
396
743
560
803
577
277
851
706
164
567
190
734
40
465
301
530
247
466
516
534
571
194
883
482
242
709
729
169
37
893
71
784
988
630
586
564
258
788
621
421
354
810
507
745
627
159
275
225
624
142
758
194
687
992
28
29 24
108
449
88
1000
519
871
987
501
808
902
758
596
875
531
301
36
37
46
662
195
672
238
818
165
995
363
852
338
390
132
38 1
580
477
849
99
700
187
951
507
441
708
102
315
238
403
350
626
800
364
820
823
601
989
987
948
704
190
285
93
321
674
942
901
503
142
351
202
328
301
708
20 20
162
434
950
916
136
575
67
851
747
889
451
735
227
750
438
417
387
883
737
60
176